vat_train_imgs/1.jpg	[{"transcription":"###","points":[[80,8],[347,8],[347,69],[80,69]]}, {"transcription":"###","points":[[647,446],[759,446],[759,499],[647,499]]}, {"transcription":"###","points":[[665,507],[761,507],[761,562],[665,562]]}, {"transcription":"###","points":[[885,489],[1089,489],[1089,529],[885,529]]}]
vat_train_imgs/2.jpg	[{"transcription":"###","points":[[93,17],[351,17],[351,76],[93,76]]}, {"transcription":"###","points":[[640,436],[777,436],[777,493],[640,493]]}, {"transcription":"###","points":[[668,491],[772,491],[772,540],[668,540]]}, {"transcription":"###","points":[[890,490],[1107,490],[1107,526],[890,526]]}]
vat_train_imgs/3.jpg	[{"transcription":"###","points":[[88,14],[349,14],[349,69],[88,69]]}, {"transcription":"###","points":[[677,453],[788,453],[788,504],[677,504]]}, {"transcription":"###","points":[[705,507],[796,507],[796,558],[705,558]]}, {"transcription":"###","points":[[878,464],[1087,464],[1087,507],[878,507]]}]
vat_train_imgs/4.jpg	[{"transcription":"###","points":[[76,16],[351,16],[351,73],[76,73]]}, {"transcription":"###","points":[[697,439],[792,439],[792,498],[697,498]]}, {"transcription":"###","points":[[715,506],[806,506],[806,553],[715,553]]}, {"transcription":"###","points":[[882,462],[1092,493],[1086,531],[874,502]]}]
vat_train_imgs/5.jpg	[{"transcription":"###","points":[[88,16],[357,16],[357,77],[88,77]]}, {"transcription":"###","points":[[703,453],[800,453],[800,503],[703,503]]}, {"transcription":"###","points":[[720,510],[804,510],[804,564],[720,564]]}, {"transcription":"###","points":[[878,490],[1086,490],[1086,532],[878,532]]}]
vat_train_imgs/6.jpg	[{"transcription":"###","points":[[88,16],[347,16],[347,71],[88,71]]}, {"transcription":"###","points":[[643,458],[794,458],[794,503],[643,503]]}, {"transcription":"###","points":[[658,512],[778,512],[778,557],[658,557]]}, {"transcription":"###","points":[[880,487],[1095,487],[1095,533],[880,533]]}]
vat_train_imgs/7.jpg	[{"transcription":"###","points":[[86,22],[347,22],[347,71],[86,71]]}, {"transcription":"###","points":[[739,460],[825,460],[825,503],[739,503]]}, {"transcription":"###","points":[[752,506],[820,506],[820,557],[752,557]]}, {"transcription":"###","points":[[886,489],[1097,489],[1097,530],[886,530]]}]
vat_train_imgs/8.jpg	[{"transcription":"###","points":[[93,14],[346,14],[346,71],[93,71]]}, {"transcription":"###","points":[[674,450],[803,450],[803,497],[674,497]]}, {"transcription":"###","points":[[711,495],[806,495],[806,546],[711,546]]}, {"transcription":"###","points":[[864,479],[1077,479],[1077,524],[864,524]]}]
vat_train_imgs/9.jpg	[{"transcription":"###","points":[[87,20],[346,20],[346,73],[87,73]]}, {"transcription":"###","points":[[666,445],[810,445],[810,503],[666,503]]}, {"transcription":"###","points":[[685,502],[815,502],[815,556],[685,556]]}, {"transcription":"###","points":[[876,482],[1084,466],[1090,511],[882,519]]}]
vat_train_imgs/10.jpg	[{"transcription":"###","points":[[82,11],[352,11],[352,65],[82,65]]}, {"transcription":"###","points":[[670,449],[773,449],[773,499],[670,499]]}, {"transcription":"###","points":[[690,503],[762,503],[762,545],[690,545]]}, {"transcription":"###","points":[[899,446],[1109,462],[1109,503],[897,490]]}]
vat_train_imgs/11.jpg	[{"transcription":"###","points":[[84,5],[346,5],[346,68],[84,68]]}, {"transcription":"###","points":[[680,446],[797,446],[797,487],[680,487]]}, {"transcription":"###","points":[[699,503],[790,503],[790,549],[699,549]]}, {"transcription":"###","points":[[884,457],[1084,457],[1084,503],[884,503]]}]
vat_train_imgs/12.jpg	[{"transcription":"###","points":[[82,9],[353,9],[353,63],[82,63]]}, {"transcription":"###","points":[[652,444],[734,444],[734,497],[652,497]]}, {"transcription":"###","points":[[666,498],[719,498],[719,547],[666,547]]}, {"transcription":"###","points":[[876,489],[1084,489],[1084,530],[876,530]]}]
vat_train_imgs/13.jpg	[{"transcription":"###","points":[[93,13],[347,13],[347,74],[93,74]]}, {"transcription":"###","points":[[707,457],[800,457],[800,503],[707,503]]}, {"transcription":"###","points":[[743,516],[809,516],[809,559],[743,559]]}, {"transcription":"###","points":[[860,487],[1073,487],[1073,528],[860,528]]}]
vat_train_imgs/14.jpg	[{"transcription":"###","points":[[92,9],[350,9],[350,70],[92,70]]}, {"transcription":"###","points":[[648,457],[772,457],[772,507],[648,507]]}, {"transcription":"###","points":[[680,503],[760,503],[760,565],[680,565]]}, {"transcription":"###","points":[[872,495],[1088,495],[1088,538],[872,538]]}]
vat_train_imgs/15.jpg	[{"transcription":"###","points":[[87,13],[348,13],[348,70],[87,70]]}, {"transcription":"###","points":[[649,449],[783,449],[783,502],[649,502]]}, {"transcription":"###","points":[[701,498],[792,498],[792,559],[701,559]]}, {"transcription":"###","points":[[884,481],[1079,481],[1079,519],[884,519]]}]
vat_train_imgs/16.jpg	[{"transcription":"###","points":[[99,16],[353,16],[353,69],[99,69]]}, {"transcription":"###","points":[[654,450],[761,450],[761,497],[654,497]]}, {"transcription":"###","points":[[697,495],[773,495],[773,554],[697,554]]}, {"transcription":"###","points":[[890,473],[1096,448],[1102,493],[895,512]]}]
vat_train_imgs/17.jpg	[{"transcription":"###","points":[[84,3],[351,3],[351,75],[84,75]]}, {"transcription":"###","points":[[681,440],[773,440],[773,499],[681,499]]}, {"transcription":"###","points":[[706,495],[786,495],[786,562],[706,562]]}, {"transcription":"###","points":[[853,469],[1060,469],[1060,516],[853,516]]}]
vat_train_imgs/18.jpg	[{"transcription":"###","points":[[86,4],[351,4],[351,61],[86,61]]}, {"transcription":"###","points":[[732,450],[815,450],[815,492],[732,492]]}, {"transcription":"###","points":[[745,503],[820,503],[820,540],[745,540]]}, {"transcription":"###","points":[[857,458],[1074,458],[1074,501],[857,501]]}]
vat_train_imgs/19.jpg	[{"transcription":"###","points":[[88,13],[361,13],[361,72],[88,72]]}, {"transcription":"###","points":[[647,441],[814,441],[814,498],[647,498]]}, {"transcription":"###","points":[[677,503],[810,503],[810,553],[677,553]]}, {"transcription":"###","points":[[861,495],[1080,495],[1080,542],[861,542]]}]
vat_train_imgs/20.jpg	[{"transcription":"###","points":[[90,12],[349,12],[349,77],[90,77]]}, {"transcription":"###","points":[[744,453],[830,453],[830,502],[744,502]]}, {"transcription":"###","points":[[761,516],[822,516],[822,558],[761,558]]}, {"transcription":"###","points":[[870,489],[1081,489],[1081,532],[870,532]]}]
vat_train_imgs/21.jpg	[{"transcription":"###","points":[[93,16],[343,16],[343,67],[93,67]]}, {"transcription":"###","points":[[673,449],[793,449],[793,502],[673,502]]}, {"transcription":"###","points":[[690,503],[791,503],[791,557],[690,557]]}, {"transcription":"###","points":[[874,496],[1089,483],[1094,524],[877,535]]}]
vat_train_imgs/22.jpg	[{"transcription":"###","points":[[87,24],[349,24],[349,77],[87,77]]}, {"transcription":"###","points":[[632,452],[758,452],[758,503],[632,503]]}, {"transcription":"###","points":[[661,500],[770,500],[770,550],[661,550]]}, {"transcription":"###","points":[[870,478],[1079,490],[1077,528],[869,518]]}]
vat_train_imgs/23.jpg	[{"transcription":"###","points":[[103,16],[357,16],[357,78],[103,78]]}, {"transcription":"###","points":[[712,458],[823,458],[823,501],[712,501]]}, {"transcription":"###","points":[[762,500],[817,500],[817,545],[762,545]]}, {"transcription":"###","points":[[889,470],[1101,481],[1100,520],[888,508]]}]
vat_train_imgs/24.jpg	[{"transcription":"###","points":[[95,14],[349,14],[349,68],[95,68]]}, {"transcription":"###","points":[[649,449],[735,449],[735,492],[649,492]]}, {"transcription":"###","points":[[674,496],[739,496],[739,543],[674,543]]}, {"transcription":"###","points":[[872,471],[1088,471],[1088,514],[872,514]]}]
vat_train_imgs/25.jpg	[{"transcription":"###","points":[[90,13],[352,13],[352,64],[90,64]]}, {"transcription":"###","points":[[648,450],[782,450],[782,501],[648,501]]}, {"transcription":"###","points":[[686,506],[791,506],[791,559],[686,559]]}, {"transcription":"###","points":[[876,490],[1090,474],[1096,518],[878,532]]}]
vat_train_imgs/26.jpg	[{"transcription":"###","points":[[86,16],[352,16],[352,78],[86,78]]}, {"transcription":"###","points":[[728,460],[829,460],[829,506],[728,506]]}, {"transcription":"###","points":[[755,516],[830,516],[830,556],[755,556]]}, {"transcription":"###","points":[[874,494],[1090,494],[1090,534],[874,534]]}]
vat_train_imgs/27.jpg	[{"transcription":"###","points":[[93,12],[363,12],[363,69],[93,69]]}, {"transcription":"###","points":[[647,441],[804,441],[804,500],[647,500]]}, {"transcription":"###","points":[[682,503],[804,503],[804,556],[682,556]]}, {"transcription":"###","points":[[886,487],[1107,487],[1107,529],[886,529]]}]
vat_train_imgs/28.jpg	[{"transcription":"###","points":[[96,13],[354,13],[354,67],[96,67]]}, {"transcription":"###","points":[[658,450],[753,450],[753,497],[658,497]]}, {"transcription":"###","points":[[686,502],[758,502],[758,555],[686,555]]}, {"transcription":"###","points":[[882,498],[1101,498],[1101,538],[882,538]]}]
vat_train_imgs/29.jpg	[{"transcription":"###","points":[[91,13],[357,13],[357,75],[91,75]]}, {"transcription":"###","points":[[676,440],[808,440],[808,486],[676,486]]}, {"transcription":"###","points":[[698,486],[830,486],[830,526],[698,526]]}, {"transcription":"###","points":[[872,440],[1113,467],[1107,503],[870,481]]}]
vat_train_imgs/30.jpg	[{"transcription":"###","points":[[93,12],[362,12],[362,65],[93,65]]}, {"transcription":"###","points":[[673,444],[782,444],[782,491],[673,491]]}, {"transcription":"###","points":[[702,495],[785,495],[785,545],[702,545]]}, {"transcription":"###","points":[[870,482],[1082,482],[1082,523],[870,523]]}]
vat_train_imgs/31.jpg	[{"transcription":"###","points":[[93,21],[350,21],[350,74],[93,74]]}, {"transcription":"###","points":[[716,470],[794,470],[794,512],[716,512]]}, {"transcription":"###","points":[[741,516],[800,516],[800,561],[741,561]]}, {"transcription":"###","points":[[873,493],[1082,493],[1082,535],[873,535]]}]
vat_train_imgs/32.jpg	[{"transcription":"###","points":[[91,9],[354,9],[354,64],[91,64]]}, {"transcription":"###","points":[[708,446],[792,446],[792,497],[708,497]]}, {"transcription":"###","points":[[727,502],[797,502],[797,551],[727,551]]}, {"transcription":"###","points":[[870,482],[1082,482],[1082,531],[870,531]]}]
vat_train_imgs/33.jpg	[{"transcription":"###","points":[[93,14],[350,14],[350,68],[93,68]]}, {"transcription":"###","points":[[710,454],[794,454],[794,492],[710,492]]}, {"transcription":"###","points":[[744,498],[799,498],[799,552],[744,552]]}, {"transcription":"###","points":[[884,482],[1095,482],[1095,523],[884,523]]}]
vat_train_imgs/34.jpg	[{"transcription":"###","points":[[93,16],[348,16],[348,71],[93,71]]}, {"transcription":"###","points":[[677,453],[799,453],[799,500],[677,500]]}, {"transcription":"###","points":[[695,510],[779,510],[779,555],[695,555]]}, {"transcription":"###","points":[[869,499],[1079,489],[1085,525],[870,531]]}]
vat_train_imgs/35.jpg	[{"transcription":"###","points":[[93,25],[355,25],[355,72],[93,72]]}, {"transcription":"###","points":[[603,462],[744,462],[744,507],[603,507]]}, {"transcription":"###","points":[[616,515],[727,515],[727,555],[616,555]]}, {"transcription":"###","points":[[870,493],[1086,493],[1086,536],[870,536]]}]
vat_train_imgs/36.jpg	[{"transcription":"###","points":[[93,12],[351,12],[351,69],[93,69]]}, {"transcription":"###","points":[[712,442],[787,442],[787,503],[712,503]]}, {"transcription":"###","points":[[723,502],[777,502],[777,547],[723,547]]}, {"transcription":"###","points":[[864,464],[1080,464],[1080,513],[864,513]]}]
vat_train_imgs/37.jpg	[{"transcription":"###","points":[[93,16],[355,16],[355,69],[93,69]]}, {"transcription":"###","points":[[673,448],[799,448],[799,498],[673,498]]}, {"transcription":"###","points":[[720,508],[796,508],[796,551],[720,551]]}, {"transcription":"###","points":[[865,460],[1080,460],[1080,500],[865,500]]}]
vat_train_imgs/38.jpg	[{"transcription":"###","points":[[84,7],[355,7],[355,72],[84,72]]}, {"transcription":"###","points":[[708,446],[809,446],[809,492],[708,492]]}, {"transcription":"###","points":[[733,506],[812,506],[812,548],[733,548]]}, {"transcription":"###","points":[[886,470],[1105,470],[1105,513],[886,513]]}]
vat_train_imgs/39.jpg	[{"transcription":"###","points":[[87,16],[353,16],[353,71],[87,71]]}, {"transcription":"###","points":[[723,450],[811,450],[811,499],[723,499]]}, {"transcription":"###","points":[[751,503],[825,503],[825,548],[751,548]]}, {"transcription":"###","points":[[865,475],[1077,475],[1077,520],[865,520]]}]
vat_train_imgs/40.jpg	[{"transcription":"###","points":[[96,14],[353,14],[353,68],[96,68]]}, {"transcription":"###","points":[[639,442],[788,442],[788,503],[639,503]]}, {"transcription":"###","points":[[673,498],[793,498],[793,561],[673,561]]}, {"transcription":"###","points":[[873,469],[1088,469],[1088,512],[873,512]]}]
vat_train_imgs/41.jpg	[{"transcription":"###","points":[[105,13],[357,13],[357,72],[105,72]]}, {"transcription":"###","points":[[660,441],[810,441],[810,500],[660,500]]}, {"transcription":"###","points":[[687,496],[811,496],[811,549],[687,549]]}, {"transcription":"###","points":[[893,477],[1106,462],[1110,502],[897,511]]}]
vat_train_imgs/42.jpg	[{"transcription":"###","points":[[93,17],[351,17],[351,71],[93,71]]}, {"transcription":"###","points":[[680,456],[801,456],[801,506],[680,506]]}, {"transcription":"###","points":[[726,511],[816,511],[816,562],[726,562]]}, {"transcription":"###","points":[[863,511],[1077,489],[1081,529],[865,548]]}]
vat_train_imgs/43.jpg	[{"transcription":"###","points":[[91,18],[350,18],[350,65],[91,65]]}, {"transcription":"###","points":[[701,450],[804,450],[804,500],[701,500]]}, {"transcription":"###","points":[[736,507],[814,507],[814,554],[736,554]]}, {"transcription":"###","points":[[856,481],[1068,481],[1068,524],[856,524]]}]
vat_train_imgs/44.jpg	[{"transcription":"###","points":[[92,21],[351,21],[351,78],[92,78]]}, {"transcription":"###","points":[[635,453],[751,453],[751,502],[635,502]]}, {"transcription":"###","points":[[660,504],[760,504],[760,555],[660,555]]}, {"transcription":"###","points":[[880,490],[1094,478],[1098,518],[884,529]]}]
vat_train_imgs/45.jpg	[{"transcription":"###","points":[[90,24],[344,24],[344,78],[90,78]]}, {"transcription":"###","points":[[674,440],[819,440],[819,507],[674,507]]}, {"transcription":"###","points":[[699,507],[806,507],[806,558],[699,558]]}, {"transcription":"###","points":[[863,470],[1070,470],[1070,510],[863,510]]}]
vat_train_imgs/46.jpg	[{"transcription":"###","points":[[95,13],[353,13],[353,68],[95,68]]}, {"transcription":"###","points":[[698,449],[807,449],[807,498],[698,498]]}, {"transcription":"###","points":[[728,499],[806,499],[806,548],[728,548]]}, {"transcription":"###","points":[[872,477],[1089,477],[1089,517],[872,517]]}]
vat_train_imgs/47.jpg	[{"transcription":"###","points":[[95,20],[353,20],[353,74],[95,74]]}, {"transcription":"###","points":[[726,450],[808,450],[808,496],[726,496]]}, {"transcription":"###","points":[[745,498],[815,498],[815,556],[745,556]]}, {"transcription":"###","points":[[861,481],[1078,481],[1078,523],[861,523]]}]
vat_train_imgs/48.jpg	[{"transcription":"###","points":[[92,9],[355,9],[355,66],[92,66]]}, {"transcription":"###","points":[[649,446],[758,446],[758,500],[649,500]]}, {"transcription":"###","points":[[668,504],[767,504],[767,549],[668,549]]}, {"transcription":"###","points":[[874,483],[1085,483],[1085,525],[874,525]]}]
vat_train_imgs/49.jpg	[{"transcription":"###","points":[[93,9],[354,9],[354,67],[93,67]]}, {"transcription":"###","points":[[665,446],[806,446],[806,497],[665,497]]}, {"transcription":"###","points":[[694,508],[802,508],[802,555],[694,555]]}, {"transcription":"###","points":[[851,494],[1066,494],[1066,536],[851,536]]}]
vat_train_imgs/50.jpg	[{"transcription":"###","points":[[92,18],[353,18],[353,73],[92,73]]}, {"transcription":"###","points":[[653,448],[795,448],[795,499],[653,499]]}, {"transcription":"###","points":[[702,496],[790,496],[790,550],[702,550]]}, {"transcription":"###","points":[[877,479],[1093,479],[1093,520],[877,520]]}]
vat_train_imgs/51.jpg	[{"transcription":"###","points":[[88,11],[351,11],[351,68],[88,68]]}, {"transcription":"###","points":[[657,452],[803,452],[803,497],[657,497]]}, {"transcription":"###","points":[[710,500],[794,500],[794,540],[710,540]]}, {"transcription":"###","points":[[881,469],[1096,469],[1096,507],[881,507]]}]
vat_train_imgs/52.jpg	[{"transcription":"###","points":[[93,29],[356,29],[356,75],[93,75]]}, {"transcription":"###","points":[[682,452],[791,452],[791,498],[682,498]]}, {"transcription":"###","points":[[706,503],[789,503],[789,545],[706,545]]}, {"transcription":"###","points":[[865,475],[1077,486],[1077,524],[861,514]]}]
vat_train_imgs/53.jpg	[{"transcription":"###","points":[[93,16],[350,16],[350,77],[93,77]]}, {"transcription":"###","points":[[689,445],[830,445],[830,506],[689,506]]}, {"transcription":"###","points":[[727,510],[830,510],[830,548],[727,548]]}, {"transcription":"###","points":[[878,479],[1089,479],[1089,520],[878,520]]}]
vat_train_imgs/54.jpg	[{"transcription":"###","points":[[90,20],[345,20],[345,70],[90,70]]}, {"transcription":"###","points":[[651,439],[764,439],[764,506],[651,506]]}, {"transcription":"###","points":[[705,499],[768,499],[768,554],[705,554]]}, {"transcription":"###","points":[[857,465],[1058,465],[1058,508],[857,508]]}]
vat_train_imgs/55.jpg	[{"transcription":"###","points":[[87,18],[350,18],[350,77],[87,77]]}, {"transcription":"###","points":[[680,452],[821,452],[821,511],[680,511]]}, {"transcription":"###","points":[[710,504],[821,504],[821,559],[710,559]]}, {"transcription":"###","points":[[872,489],[1085,489],[1085,532],[872,532]]}]
vat_train_imgs/56.jpg	[{"transcription":"###","points":[[96,20],[350,20],[350,75],[96,75]]}, {"transcription":"###","points":[[730,462],[820,462],[820,512],[730,512]]}, {"transcription":"###","points":[[733,520],[809,520],[809,566],[733,566]]}, {"transcription":"###","points":[[876,485],[1081,485],[1081,532],[876,532]]}]
vat_train_imgs/57.jpg	[{"transcription":"###","points":[[92,17],[351,17],[351,67],[92,67]]}, {"transcription":"###","points":[[660,442],[759,442],[759,496],[660,496]]}, {"transcription":"###","points":[[686,504],[756,504],[756,551],[686,551]]}, {"transcription":"###","points":[[869,470],[1088,470],[1088,512],[869,512]]}]
vat_train_imgs/58.jpg	[{"transcription":"###","points":[[100,11],[358,11],[358,72],[100,72]]}, {"transcription":"###","points":[[652,428],[769,428],[769,489],[652,489]]}, {"transcription":"###","points":[[691,482],[779,482],[779,540],[691,540]]}, {"transcription":"###","points":[[857,466],[1074,466],[1074,513],[857,513]]}]
vat_train_imgs/59.jpg	[{"transcription":"###","points":[[88,24],[342,24],[342,74],[88,74]]}, {"transcription":"###","points":[[654,441],[820,441],[820,499],[654,499]]}, {"transcription":"###","points":[[687,500],[820,500],[820,549],[687,549]]}, {"transcription":"###","points":[[861,485],[1073,485],[1073,527],[861,527]]}]
vat_train_imgs/60.jpg	[{"transcription":"###","points":[[88,14],[350,14],[350,65],[88,65]]}, {"transcription":"###","points":[[686,448],[803,448],[803,506],[686,506]]}, {"transcription":"###","points":[[712,512],[803,512],[803,555],[712,555]]}, {"transcription":"###","points":[[885,467],[1088,467],[1088,512],[885,512]]}]
